176469572417190
197976023560409
157825160937943
281846231838398
701339089893623
213168648791751
1510504972574352
247867645231790
169794456401689
395757087188935
297317253723241
199089190131257
106334439402813
193026557394565
1448735338699887
138282236354661
244240432280755
112613072111502
124888627613503
246276295491517
267273686808288
866438353407841
441787609323919
170409783006055
111961212162963
1182862841735943
190792617735039
151944091534885
165986816885214
134738659927271
211989385659148
152005531523389
195208960508423
234426366602177
107221753103147
482409971825097
1588727561434873
382689368470496
272739789520948
410289442378027
387991024607860
110891888931072
192123487487386
110477798973436
126703304099875
221393754709466
187669504601802
422347521154916
267159763309720
172541742793743
117600228317955
572687156104138
135857046484659
105188202895028
114779678600211
231278196930207
792384270848122
311259722249985
194984073864340
509286339208403
218009794909230
537822459696135
166859966788853
163167407083357
110334188987285
291190437663121
110754245614959
435567719799759
200287796673497
123250147687177
157095597695819
409077695851903
175054999260217
776029689151111
106910589388434
121308637940252
932041930172338
271894292943687
153335391389691
223953364313734
110868995603588
183747795037161
254450821271145
108677865830454
145477439266500
114718225206649
425227077504662
206412729369098
253034698095252
120282844748583
114098902066639
110081589021764
104096573003685
213097255392852
155947647822194
291962860823028
193348177362885
112781328737262
108124149220794
218050431625543
209230975926815
461425117214994
533797679992459
164305360425527
192209490814879
199369940075985
283373258529446
139818279420478
158668507526692
104517149653248
312613062124979
602181869882032
429634140462665
227455020652006
124215134368806
576932355712436
200743883288189
492164187489447
433781313346920
127588233942917
186236228102789
455391764530715
143149725748999
184448644925666
184898634882813
163701833699657
478723365627306
480182275333606
155278191196484
106401049396814
169960799795657
111978385495829
220467801315202
100949623322399
436223733055640
265457820146047
109839405705675
156230471098268
195453327145627
114713671873756
267065819987715
293710817330188
350431761642466
383983545106159
103613316352249
841275569251292
332618170114189
195426170602502
189306621200711
189641587738230
145516002198449
232264823539514
880533202041287
1466814933635176
147493292116672
400981849980585
179922232050735
387908884704936
201826239853182
492903120915174
191603450953703
201964276538150
235524653209071
214324478578954
295872630520536
153921791305167
217701194960306
570314789684033
105982246108062
188422864509169
238198832903305
1458524254361009
392141907475665
496444190454829
230837113600457
201448519873243
846185832076959
464050607013604
206402296054949
260815430749452
186358501400771
256829684451977
218383711511265
225025640933293
115242355231393
132164226918091
